0.000000
1.251000
28.612000
57.724000
87.671000
98.557000
99.975000
106.440000
111.570000
123.081000
129.212000
131.256000
136.762000
142.684000
147.314000
149.107000
150.442000
154.321000
156.990000
158.492000
170.754000
178.428000
187.437000
193.443000
220.470000
228.311000
230.313000
233.650000
235.152000
254.045000
262.053000
266.975000
277.444000
282.407000
287.746000
294.544000
297.506000
316.608000
334.125000
346.304000
353.186000
359.651000
369.077000
374.040000
382.132000
388.597000
397.856000
402.861000
409.326000
415.790000
421.755000
433.767000
451.701000
455.747000
461.252000
496.287000
504.754000
508.258000
514.264000
517.726000
519.853000
524.858000
559.893000
575.909000
579.871000
583.374000
594.385000
599.140000
604.104000
608.775000
616.783000
634.259000
651.776000
656.281000
661.286000
670.253000
675.216000
678.720000
704.996000
743.785000
761.803000
788.788000
795.169000
802.135000
808.474000
810.727000
820.320000
823.281000
826.242000
833.499000
835.585000
868.576000
870.078000
872.455000
878.878000
883.633000
900.149000
905.613000
914.872000
921.379000
927.260000
931.472000
938.729000
955.246000
964.422000
966.048000
971.304000
977.768000
988.696000
990.156000
994.118000
1014.639000
1031.364000
1045.419000
1056.389000
1060.393000
1062.478000
1065.439000
1067.316000
1070.820000
1073.406000
1074.824000
1078.703000
1080.830000
1083.457000
1085.543000
1090.047000
1094.427000
1097.013000
1098.806000
1101.058000
1105.396000
1107.815000
1109.734000
1110.985000
1112.028000
1113.237000
1117.908000
1120.202000
1124.040000
1125.499000
1136.177000
1137.803000
1141.223000
1144.977000
1147.730000
1149.857000
1155.821000
1161.327000
1170.503000
1171.879000
1176.384000
1182.390000
1186.811000
1193.818000
1196.821000
1203.828000
1206.330000
1209.834000
1214.922000
1218.384000
1220.386000
1222.888000
1224.390000
1226.892000
1228.352000
1235.109000
1244.368000
1248.330000
1251.292000
1255.171000
1263.846000
1268.976000
1270.269000
1272.730000
1279.737000
1282.323000
1286.869000
1292.875000
1300.382000
1302.301000
1311.894000
1316.857000
1327.284000
1329.620000
1339.630000
1347.137000
1350.140000
1352.059000
1353.102000
1355.896000
1362.361000
1366.699000
1372.454000
1374.331000
1376.667000
1378.711000
1382.631000
1384.049000
1387.595000
1388.512000
1390.806000
1394.727000
1404.653000
1419.335000
1424.757000
1442.691000
1457.706000
1460.709000
1465.714000
1472.221000
1477.059000
1528.110000
1534.116000
1541.957000
1550.966000
1583.207000
1595.719000
1602.684000
1627.709000
1630.170000
1643.684000
1660.159000
1679.761000
1707.998000
1717.466000
1730.437000
1734.441000
1740.280000
1747.204000
1755.212000
1759.591000
1769.226000
1772.980000
1774.231000
1777.109000
1782.614000
1795.002000
1815.981000
1833.498000
1839.004000
1850.474000
1869.493000
1901.483000
1939.479000
1952.492000
1958.498000
1965.505000
1970.010000
1987.944000
1991.573000
1997.537000
2003.585000
2013.762000
2019.726000
2022.854000
2033.156000
2036.618000
2043.583000
2070.527000
2074.990000
2078.994000
2084.291000
2088.753000
2095.760000
2103.768000
2108.773000
2114.779000
2122.787000
2128.918000
2139.638000
2140.805000
2148.772000
2152.734000
2158.490000
2165.497000
2171.503000
2180.845000
2193.274000
2202.409000
2204.869000
2208.081000
2215.213000
2224.264000
2228.727000
2231.688000
2236.443000
2245.618000
2251.624000
2254.085000
2258.047000
2265.680000
2312.727000
2333.164000
2370.660000
2374.914000
2378.918000
2396.936000
2427.425000
2435.433000
2444.817000
2456.829000
2462.835000
2485.733000
2490.863000
2493.866000
2516.848000
2582.663000
2589.170000
2600.932000
2603.935000
2607.814000
2612.568000
2628.126000
2640.847000
2645.768000
2650.231000
2656.237000
2663.035000
2666.372000
2671.335000
2678.217000
2732.271000
2737.276000
2741.239000
2746.786000
2751.791000
2757.380000
2758.172000
2760.633000
2762.134000
2765.888000
2769.892000
2788.828000
2793.791000
2807.805000
2814.812000
2816.314000
2819.525000
2823.654000
2855.394000
2878.125000
2882.129000
2886.509000
2900.481000
2905.236000
2942.773000
2947.778000
2956.787000
2978.517000
2991.489000
2996.744000
2997.495000
3018.807000
3035.074000
3041.747000
3059.473000
3061.392000
3065.312000
3074.780000
3079.535000
3087.293000
3095.801000
3097.803000
3101.849000
3106.270000
3123.537000
3125.247000
3129.209000
3136.467000
3137.801000
3139.470000
3148.479000
3150.981000
3156.028000
3173.295000
3184.807000
3239.486000
3246.452000
3252.416000
3259.423000
3265.387000
3269.349000
3275.355000
3277.316000
3290.537000
3293.874000
3296.376000
3299.838000
3301.298000
3327.241000
3331.203000
3370.742000
3391.763000
3401.773000
3427.799000
3445.067000
3455.827000
3466.797000
3488.944000
3501.915000
3508.880000
3514.594000
3518.598000
3522.561000
3531.862000
3538.994000
3542.289000
3547.127000
3574.821000
3593.673000
3606.186000
3613.652000
3619.658000
3623.870000
3624.871000
3633.922000
3639.928000
3642.973000
3646.977000
3656.945000
3659.614000
3662.617000
3666.121000
3670.167000
3672.335000
3673.837000
3678.258000
3684.264000
3686.933000
3703.909000
3709.414000
3718.924000
3721.384000
3724.846000
3731.770000
3734.272000
3737.234000
3739.277000
3747.702000
3749.871000
3752.415000
3756.044000
3757.712000
3759.172000
3760.674000
3770.058000
3771.977000
3779.693000
3783.780000
3785.699000
3787.200000
3790.161000
3791.997000
3798.003000
3803.008000
3828.491000
3831.411000
3832.620000
3833.371000
3834.247000
3837.125000
3837.709000
3847.135000
3849.888000
3860.106000
3864.402000
3871.785000
3877.248000
3879.250000
3884.589000
3886.591000
3892.597000
3895.350000
3896.851000
3901.398000
3906.111000
3912.075000
3921.126000
3925.547000
3930.051000
3934.055000
3936.558000
3941.646000
3948.153000
3954.117000
3965.628000
3972.844000
3975.346000
4016.054000
4026.064000
4036.533000
4041.037000
4053.675000
4075.697000
4086.207000
4087.709000
4105.476000
4118.197000
4150.229000
4163.701000
4172.210000
4205.243000
4233.271000
4236.399000
4249.412000
4254.417000
4259.172000
4262.425000
4263.509000
4266.471000
4274.937000
4283.905000
4298.920000
4312.141000
4319.899000
4322.860000
4335.873000
4352.849000
4367.071000
4393.973000
4405.192000
4409.071000
4420.750000
4425.129000
4492.196000
4507.211000
4519.181000
4545.666000
4551.172000
4574.904000
4579.909000
4588.918000
4618.948000
4633.921000
4651.438000
